[ 0.00000000e+00  0.00000000e+00  0.00000000e+00  0.00000000e+00
  0.00000000e+00  0.00000000e+00 -2.22368518e-02  4.28719755e-03
  0.00000000e+00  0.00000000e+00  0.00000000e+00  0.00000000e+00
  0.00000000e+00  0.00000000e+00  0.00000000e+00 -2.94629081e-03
  0.00000000e+00  0.00000000e+00  0.00000000e+00  0.00000000e+00
  0.00000000e+00  0.00000000e+00  0.00000000e+00  0.00000000e+00
 -8.35423670e-03  3.95717815e-03  0.00000000e+00  0.00000000e+00
  2.18623660e-03  0.00000000e+00  4.26530224e-04  0.00000000e+00
  0.00000000e+00 -2.82547441e-02  0.00000000e+00  0.00000000e+00
  2.04872334e-04  0.00000000e+00  0.00000000e+00  0.00000000e+00
  0.00000000e+00  0.00000000e+00  0.00000000e+00  0.00000000e+00
  0.00000000e+00 -7.33122292e-03  9.32098635e-04  0.00000000e+00
  0.00000000e+00  0.00000000e+00  5.19526476e-03  0.00000000e+00
  0.00000000e+00  0.00000000e+00  0.00000000e+00  0.00000000e+00
  0.00000000e+00  0.00000000e+00  0.00000000e+00  0.00000000e+00
  0.00000000e+00  0.00000000e+00  0.00000000e+00  7.66804605e-04
  1.63584834e-03 -1.96996555e-02  0.00000000e+00  0.00000000e+00
  0.00000000e+00  0.00000000e+00 -5.16512618e-03  9.22567938e-03
 -1.14772078e-02  2.22305336e-03  1.78446168e-03  0.00000000e+00
  0.00000000e+00  0.00000000e+00  0.00000000e+00  0.00000000e+00
  0.00000000e+00  0.00000000e+00  0.00000000e+00  0.00000000e+00
  0.00000000e+00  0.00000000e+00  0.00000000e+00  0.00000000e+00
 -1.13691854e-02 -1.47887090e-02  0.00000000e+00  0.00000000e+00
  0.00000000e+00  0.00000000e+00  0.00000000e+00  0.00000000e+00
  0.00000000e+00  0.00000000e+00  0.00000000e+00  0.00000000e+00
  0.00000000e+00  0.00000000e+00  0.00000000e+00  0.00000000e+00
  0.00000000e+00  0.00000000e+00  2.28033658e-02  0.00000000e+00
  1.44569317e-03  0.00000000e+00  0.00000000e+00  0.00000000e+00
  0.00000000e+00  1.55263417e-03  0.00000000e+00  0.00000000e+00
  0.00000000e+00 -1.65992553e-02  1.62208080e-02  0.00000000e+00
  7.52159071e-03  0.00000000e+00  0.00000000e+00  1.01035790e-03
  0.00000000e+00  0.00000000e+00  0.00000000e+00  0.00000000e+00
  2.61109472e-03  0.00000000e+00  0.00000000e+00  0.00000000e+00
  0.00000000e+00  0.00000000e+00  0.00000000e+00  0.00000000e+00
  1.77448635e-02  0.00000000e+00  1.81714159e-03  0.00000000e+00
  0.00000000e+00  0.00000000e+00  5.10502597e-03  0.00000000e+00
  7.30641178e-03 -4.51554090e-03  0.00000000e+00  0.00000000e+00
  0.00000000e+00  0.00000000e+00  0.00000000e+00 -3.23877297e-03
  0.00000000e+00  0.00000000e+00 -2.30456639e-02  3.42047777e-03
  0.00000000e+00  0.00000000e+00  0.00000000e+00  0.00000000e+00
 -1.39560813e-04  8.23648352e-03  0.00000000e+00  1.04671508e-03
  0.00000000e+00  0.00000000e+00  0.00000000e+00  0.00000000e+00
  0.00000000e+00  0.00000000e+00  0.00000000e+00  0.00000000e+00
  0.00000000e+00 -6.97951506e-04  0.00000000e+00 -4.91486976e-03
  0.00000000e+00  0.00000000e+00  0.00000000e+00  0.00000000e+00
  0.00000000e+00  0.00000000e+00  0.00000000e+00  0.00000000e+00
  0.00000000e+00  1.69741173e-02  0.00000000e+00  0.00000000e+00
  0.00000000e+00  0.00000000e+00  0.00000000e+00  0.00000000e+00
  0.00000000e+00  0.00000000e+00 -2.34082607e-03  0.00000000e+00
  0.00000000e+00 -2.04536886e-02  0.00000000e+00  0.00000000e+00
  0.00000000e+00 -3.26583689e-03  0.00000000e+00  0.00000000e+00
  0.00000000e+00  0.00000000e+00 -5.87159987e-03  0.00000000e+00
  0.00000000e+00  1.28811782e-02  0.00000000e+00  0.00000000e+00
  0.00000000e+00  0.00000000e+00 -2.36276576e-03  0.00000000e+00
  0.00000000e+00  2.05437653e-02  0.00000000e+00  0.00000000e+00
  0.00000000e+00  0.00000000e+00  8.65814500e-03  0.00000000e+00
  0.00000000e+00  0.00000000e+00 -1.03330362e-02  0.00000000e+00
  0.00000000e+00  0.00000000e+00  0.00000000e+00  0.00000000e+00
 -1.39178728e-02  0.00000000e+00  0.00000000e+00  0.00000000e+00
  0.00000000e+00  0.00000000e+00  0.00000000e+00  0.00000000e+00
  0.00000000e+00  0.00000000e+00  0.00000000e+00  4.01007368e-03
  1.93345600e-04  0.00000000e+00  0.00000000e+00  2.12237682e-02
  0.00000000e+00  0.00000000e+00  0.00000000e+00  0.00000000e+00
  0.00000000e+00  0.00000000e+00  0.00000000e+00 -9.18103293e-04
 -4.57492658e-04  0.00000000e+00  0.00000000e+00  0.00000000e+00
  0.00000000e+00  0.00000000e+00  0.00000000e+00  0.00000000e+00
  3.70881958e-03  0.00000000e+00  0.00000000e+00  0.00000000e+00
  0.00000000e+00  0.00000000e+00 -1.65770694e-05  0.00000000e+00
  0.00000000e+00  1.07422660e-02  0.00000000e+00  7.80710676e-03
 -8.92347602e-04  0.00000000e+00  0.00000000e+00 -3.31201565e-03
  0.00000000e+00  0.00000000e+00  0.00000000e+00  0.00000000e+00
 -3.08940712e-03  0.00000000e+00  0.00000000e+00 -3.33139728e-03
  0.00000000e+00  0.00000000e+00  0.00000000e+00 -1.45390286e-02
  0.00000000e+00  0.00000000e+00  0.00000000e+00  0.00000000e+00
  0.00000000e+00  0.00000000e+00  0.00000000e+00  0.00000000e+00
  0.00000000e+00  0.00000000e+00 -2.01089710e-03  0.00000000e+00
  4.65365140e-03  0.00000000e+00  0.00000000e+00  0.00000000e+00
  0.00000000e+00  0.00000000e+00  0.00000000e+00  0.00000000e+00
  0.00000000e+00  4.61115162e-04  0.00000000e+00  0.00000000e+00
  0.00000000e+00  0.00000000e+00  0.00000000e+00 -8.35183001e-05
  0.00000000e+00 -2.35240400e-02  0.00000000e+00  0.00000000e+00
  0.00000000e+00  0.00000000e+00  0.00000000e+00  2.87234809e-03
  0.00000000e+00  5.35100298e-03  0.00000000e+00  0.00000000e+00
  6.23078029e-03 -1.71850289e-03  5.71688983e-03  0.00000000e+00
  0.00000000e+00  0.00000000e+00  0.00000000e+00  0.00000000e+00
  0.00000000e+00  0.00000000e+00  0.00000000e+00  0.00000000e+00
  0.00000000e+00 -1.31372349e-02  0.00000000e+00  2.81656970e-03
  0.00000000e+00  3.69861821e-03  0.00000000e+00  0.00000000e+00
  0.00000000e+00  0.00000000e+00 -6.21907342e-03  1.14504013e-03
  0.00000000e+00  0.00000000e+00 -1.95678409e-03 -1.21138368e-04
  0.00000000e+00  0.00000000e+00 -1.10251174e-04  0.00000000e+00
  0.00000000e+00  0.00000000e+00  0.00000000e+00  0.00000000e+00
  0.00000000e+00 -7.88574636e-04  0.00000000e+00  0.00000000e+00
  4.35871488e-03  0.00000000e+00  0.00000000e+00  0.00000000e+00
  0.00000000e+00  0.00000000e+00  0.00000000e+00  0.00000000e+00
  0.00000000e+00  0.00000000e+00  0.00000000e+00  0.00000000e+00
  0.00000000e+00  0.00000000e+00  1.27933068e-04  0.00000000e+00
  0.00000000e+00  0.00000000e+00  0.00000000e+00  0.00000000e+00
  0.00000000e+00  0.00000000e+00  0.00000000e+00  0.00000000e+00
  0.00000000e+00 -4.83300303e-03  0.00000000e+00  0.00000000e+00
 -2.84973574e-02  0.00000000e+00  0.00000000e+00  0.00000000e+00
  0.00000000e+00  0.00000000e+00  0.00000000e+00  1.30442125e-02
  0.00000000e+00  0.00000000e+00  0.00000000e+00  0.00000000e+00
  6.46757733e-03  1.57163467e-02 -7.51104946e-03  0.00000000e+00
  0.00000000e+00  0.00000000e+00  6.27305044e-03  9.17000795e-03
  0.00000000e+00  0.00000000e+00  0.00000000e+00 -5.67967362e-03
  0.00000000e+00  0.00000000e+00  0.00000000e+00  0.00000000e+00
  2.87769240e-02  0.00000000e+00  0.00000000e+00  0.00000000e+00
  0.00000000e+00  2.35756520e-02  0.00000000e+00  0.00000000e+00
  0.00000000e+00  0.00000000e+00  0.00000000e+00  0.00000000e+00
  0.00000000e+00  0.00000000e+00  0.00000000e+00  4.50651280e-03
  1.01261843e-02  0.00000000e+00  0.00000000e+00  0.00000000e+00
  0.00000000e+00  0.00000000e+00]