[[ 3.81181005e-02  3.21438076e-02  1.89834009e-02  1.93043294e-02
  -1.93133456e-02 -2.13382713e-02 -4.50707969e-02  3.02835994e-02
   8.90350201e-03  3.36789181e-02 -1.22353481e-02  1.82481290e-03
  -2.98139413e-02  4.20260677e-05  4.03017553e-03 -1.88173301e-02
   1.18276383e-03  6.17065038e-04  3.00242534e-03 -1.12203297e-02
  -2.60250054e-03  1.10422480e-03  1.90090838e-02 -7.07313161e-03
  -3.70411357e-02  2.04670536e-02 -2.80507531e-03  1.28200089e-02
   1.79355801e-02  3.79373118e-03  7.87015339e-03  9.11645401e-03
   1.24243287e-02 -3.67185121e-02  5.17894434e-02 -1.13148509e-02
  -3.31048690e-03 -1.22355184e-02 -2.04592372e-02 -1.15663212e-02
   1.65184592e-02  1.01911780e-03  5.55897240e-03 -2.17772305e-02
  -2.15329537e-03 -4.44569125e-02  9.80538441e-03 -2.46490112e-03
  -2.08894187e-03  3.10775411e-03  2.19975766e-02 -1.46143385e-03
   9.58705433e-03 -1.68954482e-02  1.00142098e-02  4.03316493e-03
  -1.09381795e-03  2.95648273e-03  3.98601715e-03  1.43409283e-02
  -2.49989778e-02 -2.17402988e-02 -9.69729960e-03  1.24335872e-02
  -1.08572858e-02 -2.48620718e-02 -2.67374603e-03  2.33266340e-02
   8.50193708e-03 -3.11057715e-02 -5.37594060e-02  2.60692111e-02
  -4.46742782e-02  1.63336833e-02 -4.19282085e-03 -1.72406507e-02
   9.32477183e-03  1.13278047e-02  1.49558250e-02 -1.33216080e-03
  -1.34481392e-02  1.38239115e-03  1.92353990e-02  1.35715432e-02
   7.42167217e-03  3.56098709e-04  2.30638812e-02 -2.49576767e-02
  -3.62621435e-02 -2.70801478e-02  8.18761684e-03 -3.34305263e-03
   3.53465541e-03  3.33337124e-03 -8.79636507e-03  2.22840714e-02
  -3.64818904e-02 -4.94698537e-03  1.16727883e-03  1.23513060e-02
   1.54185975e-02  1.85173296e-03  4.72785766e-03  7.98391836e-04
   9.62787270e-03  3.14136054e-03  4.99617896e-02  1.48700680e-02
   4.23812110e-02  3.04191424e-03 -7.21286606e-03  1.12656484e-02
  -5.73571551e-03  4.31924971e-02  1.08693849e-02  2.27402700e-02
   1.36583084e-02 -7.31668572e-02  2.95711619e-02 -4.96625113e-03
   4.84850443e-02 -6.33223938e-03 -2.18904043e-02 -2.20388451e-02
   7.92393428e-03 -1.32109993e-03  5.41735553e-03  1.23803180e-02
   2.85735596e-02 -2.38768797e-02  1.63762324e-03  6.65852474e-03
   9.13702365e-03  4.67987988e-03 -2.42873140e-02 -1.41246951e-02
   2.65280202e-02 -7.77532848e-04  2.60190046e-02 -9.56449137e-03
   8.21787069e-03 -5.51511809e-03  2.71060019e-02  3.42557726e-02
   6.71175166e-02 -2.62817649e-03  2.58816806e-02  2.49113230e-02
   2.23792122e-02 -3.99821689e-03 -7.51770413e-04 -1.03723012e-02
   9.44632286e-03  1.04260021e-02 -3.74099579e-02  4.47612481e-02
  -2.55034126e-03  1.59385525e-02  1.42024712e-02 -4.05975228e-04
  -1.79357413e-02  2.86950371e-02 -2.03089728e-03  1.80364792e-02
   2.20512820e-04 -1.45775071e-02 -1.32862895e-02  4.61265136e-03
   1.23368036e-03 -2.64257218e-02  0.00000000e+00  6.92463544e-03
   2.13725446e-02 -2.11103223e-02 -4.11585221e-03 -1.67645569e-02
  -9.52821476e-04  1.35357408e-04  1.22095263e-02 -5.22573942e-03
   1.96594929e-03  1.04884095e-02  1.49409997e-02 -5.66447458e-04
  -2.98655678e-03  3.13534824e-02 -7.18874721e-04 -2.00096174e-03
   1.09649386e-02 -7.59720974e-03  2.35585553e-02  1.09389627e-02
  -4.00177051e-02  2.08444218e-03 -1.12084046e-03 -5.57395450e-03
   2.91015271e-02 -4.79228621e-02 -4.79743642e-03 -2.01259653e-02
  -7.11833824e-03 -4.49279681e-02 -8.18306843e-03 -4.21247974e-03
  -4.21370771e-03  5.26865613e-03 -6.02624839e-02  4.21937604e-03
   2.67523071e-02  5.48639919e-02 -6.55869184e-03 -8.73595366e-03
   1.87133817e-02 -1.22896898e-03 -5.52833449e-02  9.67379916e-04
  -2.57704825e-02  3.39802848e-02  1.02734955e-03 -5.35591177e-03
  -1.50794704e-02  7.28557087e-04  3.19265337e-02  1.17485900e-02
  -8.07621428e-03  9.60518498e-03 -2.84455924e-02 -7.93873906e-03
  -7.31807666e-03 -2.06393730e-03  1.21542446e-02  0.00000000e+00
  -2.55725028e-02 -5.20496635e-03  1.96578077e-03  9.02714401e-03
  -4.69829465e-03 -2.48876630e-02  1.57882906e-02 -2.18277067e-02
  -1.49111050e-03 -1.10978651e-02  2.03889918e-03 -8.15440693e-03
   1.78314838e-02 -4.53650108e-03 -1.56854169e-02  2.85100604e-02
   3.08850443e-03  1.24250358e-02  1.63584203e-02 -1.32874572e-02
  -3.42868645e-03  1.80248385e-04  1.27789187e-02 -3.17345143e-02
  -2.09624264e-02  2.16755407e-02  1.13585752e-02 -2.09192853e-02
   4.10597991e-03  1.00310494e-02  5.01004771e-03  1.37628874e-02
   4.77576108e-02 -2.09078166e-03 -1.00633519e-02  1.48643547e-02
   1.06386768e-02 -2.20370358e-03 -4.09011198e-03  1.05794356e-02
  -2.07346756e-02  1.65001544e-02  1.02439709e-02  7.04806813e-02
   2.22390801e-03  4.28506807e-03  2.14685841e-03 -3.23390829e-02
  -1.13509490e-03 -5.10018166e-04  1.14888185e-02 -6.14715637e-05
  -6.88973108e-03  2.20824904e-02  4.86019239e-02 -2.00313631e-02
   3.71487103e-03  2.61366954e-02 -2.03132959e-02 -2.44731383e-02
   3.24975545e-04  4.32117359e-03 -3.02177889e-03  1.20662107e-04
   7.77403339e-03  1.51631081e-02 -2.24638305e-03  1.55232008e-02
   4.51388417e-02  9.45133108e-03 -8.40575384e-04  1.83313364e-03
   4.47989054e-02 -3.16997576e-03  1.91778503e-02 -4.29944978e-03
  -5.36759944e-03 -7.04069475e-03  1.14435922e-02  9.84044629e-03
  -5.73818715e-03  1.11893710e-02 -1.34879811e-02  4.55909195e-03
   7.19423085e-03 -2.42558253e-02  8.22596761e-04  1.56959505e-03
   3.59440997e-03 -4.03698438e-02  0.00000000e+00  5.47445530e-04
   1.53628629e-03 -2.17674744e-02 -8.93366803e-04  1.32671995e-02
  -1.17796922e-02  2.56554459e-02  2.00067702e-03  8.21567342e-03
   4.72972602e-04 -2.27433626e-02  2.43607219e-02  6.53098987e-03
  -4.65059445e-03  2.83703021e-02  1.67831124e-02 -4.65186916e-04
  -6.60241412e-03 -1.55164008e-03  2.58372229e-03  2.10968302e-02
   3.79408583e-03 -1.20278573e-02 -5.34096484e-03  3.87815929e-02
   2.31486082e-03  3.63117481e-02  7.18618332e-04 -1.67107503e-02
   3.73806032e-03 -2.49247576e-02 -2.65528016e-02  1.00059237e-02
   1.84057666e-02  1.02421792e-03 -2.05905409e-02 -2.24191276e-02
  -2.14552852e-03  1.58948326e-02  3.67871918e-03 -1.14584822e-03
  -2.83041559e-03 -5.37846951e-03 -4.84521162e-03 -2.64940081e-02
  -5.82854559e-03 -9.99144096e-03  7.74233133e-03 -6.85395821e-03
   2.22851953e-02  2.26694163e-02 -3.99026193e-03  1.48292892e-02
  -2.35924437e-03 -4.03077457e-03  4.23694539e-02  1.30730556e-02
  -3.07528969e-02  8.82266457e-03  2.21855144e-02 -1.76446540e-02
  -4.48842435e-03  8.02836082e-03  2.78594805e-02 -8.71600801e-03
  -2.42927255e-04 -4.02274454e-03 -5.06821813e-04  1.47422694e-02
  -2.14641655e-02 -1.16143175e-02  2.96940243e-02  4.61499752e-03
   2.73512906e-02 -1.36774225e-02  1.61581336e-02  1.95625974e-02
  -4.91690270e-02 -3.10728026e-03 -3.74662326e-02 -2.07956584e-02
  -7.97431826e-03 -3.83468363e-02  4.27548594e-03  2.18084025e-02
  -2.69568177e-02 -1.05836963e-02 -5.36338449e-03 -2.02670448e-04
   2.42225829e-02  4.13195489e-02 -3.55269193e-02  2.47244187e-02
   1.31791098e-03  1.58149998e-02  2.29963690e-02  3.90437593e-02
   1.25060065e-02  3.07985065e-03 -1.46658631e-04 -4.08781183e-02
  -1.61930372e-03 -1.17939361e-03 -6.00201392e-03 -1.51757098e-02
   4.59563706e-02 -7.30434279e-03 -3.84168892e-03  5.17906224e-03
   3.19614473e-03  4.07246922e-02  4.10516065e-04 -6.66982189e-04
  -3.26633185e-03  6.19611303e-03  1.94875919e-02 -9.32236516e-03
  -4.46746613e-04  6.16681412e-03 -7.06609909e-03  6.06777413e-03
   4.73446031e-02 -1.26929545e-02 -2.43094804e-03  1.54826765e-03
   1.67477356e-02 -1.11419068e-02]]